,trend,breakout,quality,risk,score,market_cap
trend,1.0,0.6498284810817062,-0.01575455050088398,0.2867285932853994,0.818211452348892,0.037916233059814466
breakout,0.6498284810817062,1.0,-0.024598602684254678,0.5492731258925179,0.7947991837205665,0.04132625994621399
quality,-0.01575455050088398,-0.024598602684254678,1.0,0.043133453214380155,0.18998229148357176,0.12733034817883906
risk,0.2867285932853994,0.5492731258925179,0.043133453214380155,1.0,0.6004575234364949,0.10926819582584257
score,0.818211452348892,0.7947991837205665,0.18998229148357176,0.6004575234364949,1.0,0.09093575559605879
market_cap,0.037916233059814466,0.04132625994621399,0.12733034817883906,0.10926819582584257,0.09093575559605879,1.0
