,trend,breakout,quality,risk,score,market_cap
trend,1.0,0.6534231702240247,-0.04662262365557695,0.16548613020584046,0.8010782631259078,0.033373382789133266
breakout,0.6534231702240247,1.0,-0.033356330197898805,0.5233756071481658,0.8165179323938816,0.04607402521930941
quality,-0.04662262365557695,-0.033356330197898805,1.0,0.0636834165250545,0.173386225119788,0.1429454494551603
risk,0.16548613020584046,0.5233756071481658,0.0636834165250545,1.0,0.5552668653578832,0.10584575180583446
score,0.8010782631259078,0.8165179323938816,0.173386225119788,0.5552668653578832,1.0,0.08980770676446576
market_cap,0.033373382789133266,0.04607402521930941,0.1429454494551603,0.10584575180583446,0.08980770676446576,1.0
